0 0 0 0 1 1 1 1 0 0 0 0 0 0 0 0====>3840
0 0 1 0 0 0 1 0 0 0 1 0 0 0 1 0====>8738
0 0 0 0 0 0 0 0 1 1 1 1 0 0 0 0====>240
0 1 0 0 0 1 0 0 0 1 0 0 0 1 0 0====>17476
1 0 0 0 1 1 1 0 0 0 0 0 0 0 0 0====>36352
0 1 1 0 0 1 0 0 0 1 0 0 0 0 0 0====>25664
0 0 0 0 1 1 1 0 0 0 1 0 0 0 0 0====>3616
0 1 0 0 0 1 0 0 1 1 0 0 0 0 0 0====>17600
0 0 1 0 1 1 1 0 0 0 0 0 0 0 0 0====>11776
0 1 0 0 0 1 0 0 0 1 1 0 0 0 0 0====>17504
0 0 0 0 1 1 1 0 1 0 0 0 0 0 0 0====>3712
1 1 0 0 0 1 0 0 0 1 0 0 0 0 0 0====>50240
0 1 1 0 0 1 1 0 0 0 0 0 0 0 0 0====>26112
0 1 1 0 0 1 1 0 0 0 0 0 0 0 0 0====>26112
0 1 1 0 0 1 1 0 0 0 0 0 0 0 0 0====>26112
0 1 1 0 1 1 0 0 0 0 0 0 0 0 0 0====>27648
0 1 0 0 0 1 1 0 0 0 1 0 0 0 0 0====>17952
0 0 0 0 0 1 1 0 1 1 0 0 0 0 0 0====>1728
1 0 0 0 1 1 0 0 0 1 0 0 0 0 0 0====>35904
0 1 0 0 1 1 1 0 0 0 0 0 0 0 0 0====>19968
0 1 0 0 0 1 1 0 0 1 0 0 0 0 0 0====>17984
0 0 0 0 1 1 1 0 0 1 0 0 0 0 0 0====>3648
0 1 0 0 1 1 0 0 0 1 0 0 0 0 0 0====>19520
1 1 0 0 0 1 1 0 0 0 0 0 0 0 0 0====>50688
0 0 1 0 0 1 1 0 0 1 0 0 0 0 0 0====>9792
0 0 0 0 1 1 0 0 0 1 1 0 0 0 0 0====>3168
0 1 0 0 1 1 0 0 1 0 0 0 0 0 0 0====>19584
